0 0.3375796178343949 0.7040816326530612 
0 0.7071428571428572 0.6829268292682927 
0 1.0 0.91 
0 0.36774193548387096 0.762589928057554 
0 0.7421383647798742 1.0 
0 0.7847222222222222 0.7212121212121212 
0 0.6319444444444444 0.9876543209876543 
0 0.5714285714285714 0.8541666666666666 
0 0.8258706467661692 0.5108695652173914 
0 0.6504065040650406 0.8070175438596491 
1 1.0 0.9537037037037037 
1 0.9938271604938271 0.9682539682539683 
1 0.9932885906040269 0.9349593495934959 
1 1.0 0.8615384615384616 
1 0.9342105263157895 0.9435483870967742 
1 0.8277777777777777 0.7666666666666667 
1 1.0 0.9 
1 0.986013986013986 0.9111111111111111 
1 0.9813084112149533 0.8035714285714286 
1 1.0 0.9112903225806451 
2 0.896551724137931 0.009708737864077669 
2 0.7786259541984732 0.046875 
2 0.8518518518518519 0.02097902097902098 
2 0.9333333333333333 0.015873015873015872 
2 0.7657657657657657 0.11194029850746269 
2 0.8970588235294118 0.030927835051546393 
2 0.7338709677419355 0.07476635514018691 
2 0.7739130434782608 0.04395604395604396 
2 0.7830188679245284 0.06086956521739131 
2 0.7346938775510204 0.09433962264150944 
