0 0.2815533980582524 0.30656934306569344 
0 0.6446280991735537 0.4357142857142857 
0 0.49557522123893805 0.4768211920529801 
0 0.40869565217391307 0.5365853658536586 
0 0.3115942028985507 0.5286624203821656 
0 0.4253731343283582 0.5329341317365269 
0 0.5447761194029851 0.4853801169590643 
0 0.5508474576271186 0.4972972972972973 
0 0.28 0.5324675324675324 
0 0.375 0.5904761904761905 
1 0.8617021276595744 0.7733333333333333 
1 0.7368421052631579 0.8527918781725888 
1 0.6726190476190477 0.7790697674418605 
1 0.680327868852459 0.9712230215827338 
1 0.7264957264957265 0.8545454545454545 
2 0.6261682242990654 0.8926174496644296 
1 0.9609375 0.936046511627907 
1 0.7284768211920529 0.83125 
1 0.5533333333333333 0.7619047619047619 
1 0.782608695652174 0.8842592592592593 
2 0.5402298850574713 1.0 
2 0.672514619883041 0.8951048951048951 
2 0.5393258426966292 0.9707602339181286 
2 0.6717557251908397 0.967948717948718 
2 0.6432432432432432 0.9847328244274809 
2 0.75 0.9150326797385621 
2 0.9192546583850931 0.9629629629629629 
2 0.7564102564102564 0.9477611940298507 
2 0.7361111111111112 0.9781021897810219 
2 0.9351351351351351 0.8896551724137931 
