0 0.2932330827067669 0.05970149253731343 
0 0.3719512195121951 0.11940298507462686 
0 0.38461538461538464 0.04040404040404041 
0 0.3046875 0.12658227848101267 
0 0.3089430894308943 0.13559322033898305 
0 0.3533834586466165 0.11764705882352941 
0 0.2727272727272727 0.09090909090909091 
0 0.37593984962406013 0.09333333333333334 
0 0.48360655737704916 0.21428571428571427 
0 0.3355263157894737 0.0967741935483871 
1 0.9342105263157895 0.8673469387755102 
0 0.9784172661870504 0.860655737704918 
1 0.8839285714285714 0.8539325842696629 
1 0.7340425531914894 0.989010989010989 
1 0.7314814814814815 0.8424657534246576 
1 0.7941176470588235 0.8469387755102041 
1 0.7657657657657657 0.9247311827956989 
1 0.916083916083916 0.888 
1 0.9541284403669725 0.875 
1 0.819047619047619 0.8210526315789474 
2 0.0 0.0 
2 0.06040268456375839 0.8467741935483871 
2 0.05555555555555555 1.0 
2 0.1092436974789916 0.9741379310344828 
2 0.075 0.8503401360544217 
2 0.10483870967741936 1.0 
2 0.07142857142857142 1.0 
2 0.05 1.0 
2 0.0546875 1.0 
2 0.05825242718446602 1.0 
